% -------------------------------------------------------------------
%  Generated by MATLAB on 17-Feb-2019 16:35:08
%  MATLAB version: 9.1.0.441655 (R2016b)
% -------------------------------------------------------------------
                                    

A = ...
  [2 6;
   3 9];

B = ...
  [1 2;
   3 4];

C = ...
  [-5 5;
   5 3];

D = ...
  [0 0;
   0 0];

I = ...
  [1 0 0 0 0 0;
   0 1 0 0 0 0;
   0 0 1 0 0 0;
   0 0 0 1 0 0;
   0 0 0 0 1 0;
   0 0 0 0 0 1];

e = [1 1 2 3 5 8 13 21 34 55 89 144 233 377 610 987 1597 2584 4181 6765 ...
     6765];

eb = [1 1];

i = 20;

matriz = ...
  [2 6 0 0 0 0;
   3 9 0 0 0 0;
   0 0 1 2 0 0;
   0 0 3 4 0 0;
   0 0 0 0 -5 5;
   0 0 0 0 5 3];

n = [1 10 100 500 1000 2000 4000 8000];

