% -------------------------------------------------------------------
%  Generated by MATLAB on 17-Feb-2019 16:38:21
%  MATLAB version: 9.1.0.441655 (R2016b)
% -------------------------------------------------------------------
                                    

A = ...
  [2 6;
   3 9];

B = ...
  [1 2;
   3 4];

C = ...
  [-5 5;
   5 3];

D = ...
  [0 0;
   0 0];

I = ...
  [1 0 0 0 0 0;
   0 1 0 0 0 0;
   0 0 1 0 0 0;
   0 0 0 1 0 0;
   0 0 0 0 1 0;
   0 0 0 0 0 1];

e = [1 1 2 3 5 8 13 21 34 55 89 144 233 377 610 987 1597 2584 4181 6765 ...
     6765];

eb = [1 1];

f = [2.5440211108893696 1.5878815147582435 1.0106417533766181 1.3430134012812109 ...
     2.2794154981989259 2.9589242746631386];

f1 = [0.006737946999085467 0.018315638888734179 0.049787068367863944 0.1353352832366127 ...
      ];

f2 = [0.69314718055994529 1.0986122886681096 1.3862943611198906 1.6094379124341003 ...
      1.791759469228055 1.9459101490553132 2.0794415416798357 2.1972245773362196 ...
      2.3025850929940459];

i = 20;

matriz = ...
  [2 6 0 0 0 0;
   3 9 0 0 0 0;
   0 0 1 2 0 0;
   0 0 3 4 0 0;
   0 0 0 0 -5 5;
   0 0 0 0 5 3];

n = [1 10 100 500 1000 2000 4000 8000];

x = [2 3 4 5 6 7 8 9 10];

