% -------------------------------------------------------------------
%  Generated by MATLAB on 17-Feb-2019 16:29:23
%  MATLAB version: 9.1.0.441655 (R2016b)
% -------------------------------------------------------------------
                                  

e = [2 2.5937424601000023 2.7048138294215285 2.7155685206517282 2.7169239322355936 ...
     2.7176025693228403 2.7179421210802661 2.7181119553078];

n = [1 10 100 500 1000 2000 4000 8000];

